Source,Target,Weight
0,0,1.0
0,2,0.5505300504485985
0,7,0.6260857730025566
0,14,0.32451346084927923
0,15,0.1269582580204046
0,19,0.41351874901765073
0,21,0.3239365655370774
0,24,0.13559889053168384
0,28,0.4450266121253721
0,30,0.5556642660761888
0,38,0.05861739097301233
0,39,0.2680826486632486
0,52,0.02382166949941933
0,57,0.14631156566989056
0,62,0.45458575443688165
0,67,0.08803653440064396
0,78,0.21173575492161145
0,88,0.1968875563649357
1,1,1.0
1,5,0.3009905919314031
1,8,0.04756806427588256
1,9,0.2526626575028492
1,12,0.1778827067555928
1,15,0.22088975883307493
1,16,0.16253460836994593
1,21,0.08607368157564199
1,23,0.09301134416760981
1,25,0.18621141573711741
1,27,0.1844025498581342
1,29,0.26751015303568537
1,32,0.08520153635763894
1,33,0.1535862193751636
1,39,0.0053506663748684735
1,41,0.10025335816820402
1,42,0.10748414973917897
1,49,0.01854400846887716
1,50,0.24924925567884992
1,51,0.12100923195817881
1,52,0.22686600803392998
1,53,0.22110128267211293
1,57,0.07502508180466771
1,60,0.06950883243787531
1,61,0.06366104074903467
1,66,0.21266476428907977
1,67,0.0030021570636916683
1,68,0.008522073100368455
1,71,0.014198145239440518
1,74,0.25659715006822226
1,75,0.02402454116378161
1,76,0.1355404964404352
1,79,0.0226632911382717
1,80,0.23499391003470005
1,81,0.017297215753523942
1,82,0.260637319584897
1,85,0.10616899441118699
1,86,0.29996932404163723
1,87,0.06508592631677512
1,88,0.15238670544782107
1,89,0.3116622018423606
1,91,0.3454242225559201
1,92,0.2834911774717904
1,93,0.261660942296587
1,95,0.06141045888564245
1,96,0.09701854232033602
1,97,0.05372207423700803
1,98,0.010045145401849975
1,99,0.04760927806211812
2,0,0.5505300504485985
2,2,1.0
2,6,0.165530389014391
2,7,0.5702148438556225
2,10,0.10664530118068805
2,11,0.2020049190948383
2,13,0.047788507655412316
2,14,0.1831476246104411
2,17,0.04261439250936061
2,19,0.2713065183308718
2,21,0.3729462267063801
2,22,0.14610884161463566
2,24,0.2842529267582602
2,28,0.4326547626742975
2,30,0.3641744910889151
2,31,0.11496150344633049
2,34,0.029773990893200653
2,35,0.06512346693305404
2,36,0.2267818646562365
2,37,0.08910822081066394
2,38,0.2339410421574164
2,39,0.13359714524909183
2,40,0.09204410087743842
2,43,0.0937754259013518
2,44,0.19271822917152126
2,46,0.15312230813082195
2,47,0.1191536777423543
2,48,0.15896439127919493
2,52,0.06047341582525012
2,54,0.05157192001776045
2,56,0.18155701646600764
2,57,0.13971045498104318
2,58,0.09137775301290074
2,61,0.05112515746318258
2,62,0.3138149309459197
2,63,0.16647997828447558
2,64,0.10995593096425971
2,67,0.07949907264711198
2,68,0.025021939659401582
2,70,0.20149178492359276
2,72,0.1863561518482184
2,73,0.14972724103242918
2,77,0.06512832393617152
2,78,0.32556611917346656
2,83,0.07479597795333959
2,88,0.05910857423352733
2,94,0.16133887738128994
2,97,0.023564926280519982
2,99,0.04407549424088342
3,3,1.0
3,4,0.11290680679273601
3,8,0.09136831395179545
3,12,0.008534740006071129
3,18,0.16308501718265955
3,20,0.04318255128301385
3,24,0.00219511276940465
3,27,0.01120319170019246
3,28,0.06702759095129496
3,33,0.01535888153655729
3,39,0.06012818746515847
3,40,0.099698743329386
3,55,0.36629168543140156
3,60,0.008362621347961063
3,61,0.08114478169600114
3,65,0.4300934311588004
3,66,0.02433644193977791
3,71,0.29453243257352735
3,79,0.21403736394750228
3,80,0.03924028187538775
3,82,0.010932089351868846
3,85,0.004029969584229076
3,87,0.07467231901587057
3,95,0.021257215027926324
3,96,0.06213904548488214
3,98,0.36170793550899183
3,99,0.022220244295895863
4,3,0.11290680679273601
4,4,1.0
4,12,0.4560544836625344
4,14,0.2759842709865794
4,18,0.6069405895878527
4,19,0.17219792487384744
4,20,0.11532796046588012
4,21,0.04949097438860439
4,33,0.07039812894229647
4,38,0.012358354045076902
4,53,0.03937828226383577
4,57,0.006631097372008732
4,60,0.3779886396859391
4,61,0.012102805500348368
4,75,0.05948741977807548
4,87,0.0666626450810528
4,90,0.049810004074102854
4,93,0.1774552359642818
4,95,0.02558951970747536
4,96,0.08951217852195492
4,99,0.028278796522734795
5,1,0.3009905919314031
5,5,1.0
5,9,0.8279567668412738
5,15,0.8028093799350884
5,16,0.43627257260273433
5,23,0.32480535433077007
5,25,0.6352355564093665
5,27,0.33328359875896263
5,29,0.6528120634656293
5,32,0.5178894572170298
5,39,0.21795483563436568
5,41,0.36617731218629446
5,42,0.3919489455627241
5,50,0.6064728855624941
5,51,0.5542363767122508
5,52,0.6036213503696801
5,53,0.11549642466636678
5,55,0.10602158551833674
5,65,0.16571461287231237
5,66,0.668927325325506
5,71,0.0727265962477226
5,74,0.9045097425917474
5,76,0.5706884375127722
5,79,0.06813953515543492
5,80,0.5744924587693302
5,82,0.8671998630687864
5,85,0.04879262142955132
5,86,0.905194041770403
5,87,0.12711102467769864
5,88,0.5740257816808463
5,89,0.8958647018324462
5,91,0.8501028295836834
5,92,0.8395778884951866
5,95,0.06392213743178454
5,96,0.057527761881861705
5,98,0.13105940610015998
6,2,0.165530389014391
6,6,1.0
6,10,0.6640265232397927
6,11,0.6548965200573064
6,13,0.8209030662717933
6,16,0.041309504139355635
6,17,0.6671895529029593
6,22,0.6595088925988839
6,24,0.25433980331466377
6,26,0.7772021886024075
6,31,0.5845523532116628
6,32,0.15867267237137894
6,34,0.5638232201413531
6,35,0.657836828523086
6,36,0.6842909204848285
6,37,0.8112565551666511
6,40,0.14190879212187968
6,41,0.25267623061319266
6,42,0.14748542106170492
6,43,0.7324095413338656
6,44,0.7449789073023827
6,45,0.19220016418925057
6,46,0.5553725747351238
6,47,0.48877202502275663
6,48,0.7286835898932446
6,49,0.16475725252275109
6,51,0.044578647976332486
6,54,0.3837053733666659
6,56,0.6164982437473356
6,58,0.4152520704269548
6,59,0.5145893382197569
6,62,0.17602881891476663
6,63,0.7430379364506288
6,64,0.7569383626762162
6,68,0.15706165438260467
6,69,0.45705747299112964
6,70,0.7128793186279093
6,72,0.5681519678525253
6,73,0.590725336450278
6,76,0.04400684239533914
6,77,0.2003222755534647
6,78,0.14288569501973025
6,81,0.27410020980597527
6,83,0.5924223854942948
6,84,0.42428528155433165
6,90,0.22631778357749588
6,94,0.7630393962496996
7,0,0.6260857730025566
7,2,0.5702148438556225
7,7,1.0
7,14,0.3351236078408024
7,19,0.46021499718242165
7,21,0.3280212311410029
7,24,0.14427115695334414
7,28,0.32111462498636056
7,30,0.4140682691137225
7,36,0.0025768777911924223
7,38,0.3177350434460354
7,39,0.1310459483792803
7,57,0.2508340082722482
7,61,0.06554287268674397
7,62,0.2972918411965604
7,67,0.3723024787027882
7,78,0.341570797497488
7,88,0.03129664009905808
8,1,0.04756806427588256
8,3,0.09136831395179545
8,8,1.0
8,10,0.1409983490567568
8,11,0.004395170202511234
8,15,0.01507073762660227
8,16,0.010288382526602802
8,17,0.11963077404734734
8,20,0.029676509161493336
8,24,0.10212980205680511
8,27,0.18004661612519524
8,28,0.2252418576729026
8,33,0.18193134226221275
8,38,0.03687642111246847
8,39,0.28935440181089467
8,40,0.24137249440162234
8,43,0.008283491832654755
8,45,0.019826579179262227
8,46,0.047685956824302655
8,47,0.025997885564944645
8,49,0.0877494476577062
8,50,0.24079982157166402
8,51,7.992856935756798e-05
8,52,0.0719092715742028
8,53,0.2598170005727163
8,54,0.01618966154905388
8,55,0.28128451033684587
8,57,0.022716286641974004
8,61,0.15522533075463496
8,65,0.08034061864259834
8,66,0.06850857198863292
8,67,0.1311828183999344
8,68,0.1973317109851226
8,71,0.5465752695185757
8,73,0.0136413128047852
8,75,0.0036160206160180675
8,76,0.01690482347447375
8,80,0.42426447140368273
8,82,0.02596801008468863
8,84,0.020278384016944484
8,85,0.41242759907357085
8,87,0.06940111610534272
8,88,0.06886321915689497
8,89,0.017975943846433196
8,91,0.006754879618183551
8,95,0.04703733917536557
8,96,0.010087528542227497
8,98,0.09910635259235412
8,99,0.2722960209160472
9,1,0.2526626575028492
9,5,0.8279567668412738
9,9,1.0
9,15,0.758336205961524
9,16,0.48540445650280784
9,22,0.016882871988107673
9,23,0.3161846666807966
9,25,0.6635718821750746
9,27,0.36741987056771996
9,29,0.61622695347961
9,32,0.5000271717274738
9,39,0.23675554489595962
9,41,0.37284475919506466
9,42,0.4052648764748181
9,47,0.008997542055475649
9,50,0.5841612103807634
9,51,0.5458190806858136
9,52,0.6122702568906657
9,53,0.1156046406297615
9,55,0.012000664305331643
9,65,0.03852159151501666
9,66,0.5970376474880931
9,71,0.03602366491877129
9,73,0.08574715543434441
9,74,0.8156022216098683
9,76,0.5424969236398661
9,77,0.020921278075119787
9,79,0.04691332880982335
9,80,0.47290984071413966
9,82,0.7815025963934354
9,85,0.07549305128550099
9,86,0.832364595972199
9,87,0.09088828513163771
9,88,0.5137986551933061
9,89,0.8119803927063751
9,91,0.768357082489637
9,92,0.8003467898233628
9,95,0.03790786119958556
9,96,0.012600259760225274
9,98,0.027289300405239136
10,2,0.10664530118068805
10,6,0.6640265232397927
10,8,0.1409983490567568
10,10,1.0
10,11,0.5538413661762127
10,13,0.6509871407449093
10,17,0.4422774286455182
10,21,0.043313195570448215
10,22,0.509092839106396
10,24,0.19066171708810975
10,26,0.4868551639999801
10,31,0.5268761610758036
10,32,0.05022308784122176
10,34,0.4082126597246203
10,35,0.4466633003233136
10,36,0.5415705196304614
10,37,0.5708151174458042
10,40,0.18497076927099132
10,41,0.09301005787957484
10,42,0.002439772874650914
10,43,0.5816210181787752
10,44,0.5875706881753282
10,45,0.18010431505597368
10,46,0.4365023789488005
10,47,0.4138919660456939
10,48,0.6448803841762247
10,49,0.07423282254246621
10,50,0.10963521014622757
10,54,0.2881590894338757
10,55,0.024866283125238975
10,56,0.43215604478271963
10,58,0.3314132373010271
10,59,0.37699836782415774
10,62,0.06952624609631053
10,63,0.6859525787125781
10,64,0.7104585996143347
10,68,0.19219668924969924
10,69,0.2833193187767389
10,70,0.5925158934047059
10,71,0.010199521133315237
10,72,0.46497567558662567
10,73,0.34049376190302616
10,77,0.13637759388138349
10,78,0.11764988546620125
10,81,0.2878111297845215
10,83,0.3947796471841051
10,84,0.5653153360467356
10,85,0.11718407354138516
10,90,0.16709908870306034
10,93,0.09166459393143345
10,94,0.5128060759458875
10,97,0.003480077441369578
11,2,0.2020049190948383
11,6,0.6548965200573064
11,8,0.004395170202511234
11,10,0.5538413661762127
11,11,1.0
11,13,0.6420872493424319
11,17,0.605118289882662
11,22,0.6420884307415776
11,24,0.18980272789646313
11,26,0.5433969004552553
11,31,0.5154534725575444
11,32,0.14679513440732928
11,34,0.4534140275043319
11,35,0.44663327361947935
11,36,0.6860294312317159
11,37,0.7303092690664672
11,40,0.08283789827610699
11,41,0.19070056513693356
11,42,0.09554987390384095
11,43,0.6113609857142976
11,44,0.7829522952625001
11,45,0.2709005212140305
11,46,0.6703250610809539
11,47,0.5295305010409124
11,48,0.6959936474145874
11,49,0.020391316866068432
11,51,0.01863044734725272
11,54,0.5387963207443308
11,55,0.026406621348041726
11,56,0.614654495927785
11,58,0.5197638691265234
11,59,0.46740917895589573
11,62,0.1451534490708023
11,63,0.6801192217420171
11,64,0.7392079533469404
11,68,0.11150585187174733
11,69,0.36899006484314323
11,70,0.671196051915052
11,72,0.7064997385481795
11,73,0.5111532799653484
11,76,0.0531581607339664
11,77,0.13734561805796464
11,78,0.16129136072736538
11,81,0.27402416680677444
11,83,0.7164911516111554
11,84,0.38206334417800136
11,90,0.1506872948520379
11,94,0.5861676631956023
12,1,0.1778827067555928
12,3,0.008534740006071129
12,4,0.4560544836625344
12,12,1.0
12,14,0.14997531174350964
12,18,0.3907630762117892
12,19,0.10013636388252778
12,20,0.1487116506159466
12,27,0.015480196338238716
12,29,0.02793097466562766
12,33,0.23830848131650573
12,49,0.2172186540542933
12,53,0.1290049803128841
12,59,0.07571130609731924
12,60,0.53584381486167
12,69,0.21629792204323295
12,71,0.0225188502382474
12,75,0.017762578586736244
12,79,0.038662644787094136
12,81,0.07721219352534159
12,87,0.14686382919992702
12,90,0.1696696649648506
12,93,0.24715032469320464
12,95,0.02248522734557501
12,96,0.13352923774851166
13,2,0.047788507655412316
13,6,0.8209030662717933
13,10,0.6509871407449093
13,11,0.6420872493424319
13,13,1.0
13,16,0.04701738022496038
13,17,0.6687700722595905
13,22,0.6315180443013617
13,24,0.16352741424000694
13,26,0.7768594873186738
13,31,0.52674087975525
13,32,0.18557156601304747
13,34,0.5122468745537939
13,35,0.5754044389975893
13,36,0.6545504496116309
13,37,0.8197163532836879
13,40,0.1822989194235426
13,41,0.2550311814675015
13,42,0.1586072376080856
13,43,0.674830630831339
13,44,0.7384329687749434
13,45,0.2510948008138085
13,46,0.495978762113932
13,47,0.41628739129730297
13,48,0.7501481218107112
13,49,0.16827880438654486
13,51,0.06593748284965462
13,54,0.3564771967022975
13,56,0.6087905904015068
13,58,0.4145840417038493
13,59,0.5054472542837897
13,62,0.1229710309000297
13,63,0.727406341054825
13,64,0.7669232598706409
13,68,0.1230767245351827
13,69,0.45667113795343073
13,70,0.6606505245470139
13,72,0.5880505576051546
13,73,0.5185262959334618
13,76,0.06063967892312827
13,77,0.15300280985858405
13,78,0.057321960485124834
13,81,0.2779296164856635
13,83,0.6052742006224477
13,84,0.5119362258254474
13,90,0.23342904349204963
13,94,0.7040302409703066
14,0,0.32451346084927923
14,2,0.1831476246104411
14,4,0.2759842709865794
14,7,0.3351236078408024
14,12,0.14997531174350964
14,14,1.0
14,18,0.06224864140811193
14,19,0.31146445786336585
14,20,0.10825419974380601
14,21,0.23149010323988173
14,30,0.2915399841402624
14,33,0.015355862827867162
14,38,0.1936301641583077
14,45,0.027545720773788918
14,49,0.06717339914302367
14,57,0.21017080508623787
14,60,0.04631565930015524
14,61,0.04236985603284227
14,62,0.05976862389604354
14,67,0.12835098901103592
14,75,0.06841299835752368
14,78,0.12402559764677024
14,81,0.005313973268153749
14,93,0.149761512789228
14,99,0.055339963521975344
15,0,0.1269582580204046
15,1,0.22088975883307493
15,5,0.8028093799350884
15,8,0.01507073762660227
15,9,0.758336205961524
15,15,1.0
15,16,0.3724679036775137
15,23,0.4115334205118829
15,25,0.6102766922715182
15,27,0.3158539253097947
15,28,0.18046781728770678
15,29,0.5060334938059043
15,30,0.06903335217953588
15,32,0.477732601052141
15,39,0.3760753592819194
15,40,0.04426109746579854
15,41,0.3391445984585125
15,42,0.3495863950463711
15,50,0.43959311850257854
15,51,0.5153065058773469
15,52,0.5645542481772399
15,53,0.026789061908047307
15,55,0.15286287639697727
15,65,0.1621391476880789
15,66,0.7079934244822835
15,71,0.0530035964047616
15,73,0.009862706522781872
15,74,0.8504233175862517
15,76,0.5142622602887402
15,79,0.07267634236856968
15,80,0.5749620473417426
15,82,0.8085885191454782
15,85,0.02719857661949876
15,86,0.813709345092102
15,87,0.0630154545477325
15,88,0.6450547023706273
15,89,0.7945487997142251
15,91,0.6881538247035266
15,92,0.7169230956716705
15,95,0.006959898240385898
15,98,0.08707025222229836
16,1,0.16253460836994593
16,5,0.43627257260273433
16,6,0.041309504139355635
16,8,0.010288382526602802
16,9,0.48540445650280784
16,13,0.04701738022496038
16,15,0.3724679036775137
16,16,1.0
16,17,0.08072354120414327
16,22,0.2184474883988683
16,23,0.29475882394612196
16,24,0.037839097505902974
16,25,0.5852659253902792
16,26,0.1633726168623465
16,27,0.2270371470148882
16,29,0.3854254941072155
16,32,0.5286102700551542
16,33,0.04432189935967901
16,36,0.05247846804240053
16,39,0.10038155052076869
16,40,0.0013890411088315346
16,41,0.4424218988625188
16,42,0.5103316630665362
16,43,0.043622342852873586
16,44,0.013029694917024215
16,46,0.0020465930348948502
16,48,0.05973745979331979
16,50,0.35973888008199184
16,51,0.5653618649338457
16,52,0.32218635036646115
16,53,0.16714347422657072
16,55,0.18558505420873295
16,65,0.11552175533830011
16,66,0.2931045730653914
16,67,0.06441166515179364
16,68,0.006287601576997037
16,71,0.06904487586120667
16,73,0.06022735998233664
16,74,0.40261695039405554
16,75,0.06680014836493875
16,76,0.5539599727559615
16,77,0.07882051038148197
16,79,0.09885204179180795
16,80,0.23741877560765356
16,82,0.43382972255049745
16,83,0.02154029767465948
16,85,0.10860722400508482
16,86,0.40250782881139013
16,87,0.10769536565699556
16,88,0.16076002680368262
16,89,0.40330473611794226
16,91,0.4238365836487623
16,92,0.4575482209714412
16,94,0.17932976857976812
16,95,0.12558179334762598
16,96,0.10220928278417474
16,97,0.07189679715449826
16,98,0.15495505022945644
16,99,0.04934310464513425
17,2,0.04261439250936061
17,6,0.6671895529029593
17,8,0.11963077404734734
17,10,0.4422774286455182
17,11,0.605118289882662
17,13,0.6687700722595905
17,16,0.08072354120414327
17,17,1.0
17,22,0.541335164726583
17,24,0.12183121681879205
17,26,0.7797522981831726
17,31,0.2996467468237545
17,32,0.1282298693273215
17,33,0.008336755887035863
17,34,0.3695318531229903
17,35,0.4476391815629138
17,36,0.5372134961039229
17,37,0.682388958045677
17,40,0.09204222591822009
17,41,0.205424569319561
17,42,0.14746442058630493
17,43,0.5369295153762048
17,44,0.6345269774018507
17,45,0.5666278851874142
17,46,0.4839525195939711
17,47,0.33420305218152446
17,48,0.570575898176117
17,49,0.1816135372461627
17,51,0.066416663383836
17,53,0.0501812513699772
17,54,0.38000668815244465
17,55,0.031075556733237697
17,56,0.45719419383952553
17,58,0.3956459293397674
17,59,0.44030783886225244
17,62,0.05060831117141973
17,63,0.5552969237985022
17,64,0.6231796791346125
17,67,0.08512745435611024
17,68,0.11506968340931145
17,69,0.32552470089339147
17,70,0.5153426401027494
17,72,0.5194522730448824
17,73,0.3946860300358508
17,76,0.05106718502384511
17,77,0.05899948171973979
17,81,0.24933950563552365
17,83,0.5686125635944699
17,84,0.47647847100277674
17,85,0.054791814726362076
17,90,0.0712318201413098
17,94,0.5906899285365983
17,97,0.022161329298235333
18,3,0.16308501718265955
18,4,0.6069405895878527
18,12,0.3907630762117892
18,14,0.06224864140811193
18,18,1.0
18,19,0.11314485110967976
18,20,0.12597205093773223
18,49,0.13673997219367928
18,60,0.30456899043008956
18,69,0.03657130417219867
18,87,0.020816635904941094
18,90,0.11263697530874162
18,93,0.06785780651155382
19,0,0.41351874901765073
19,2,0.2713065183308718
19,4,0.17219792487384744
19,7,0.46021499718242165
19,12,0.10013636388252778
19,14,0.31146445786336585
19,18,0.11314485110967976
19,19,1.0
19,21,0.18349343424998843
19,24,0.06390945651519231
19,28,0.04776786893234841
19,30,0.2312037567686308
19,38,0.1388439748899275
19,57,0.1558568565427788
19,60,0.030155974044773104
19,61,0.09247089954180532
19,62,0.364197021571501
19,67,0.07452043393814545
19,75,0.050981987655319694
19,77,0.015961974619056796
19,78,0.11150253616791073
20,3,0.04318255128301385
20,4,0.11532796046588012
20,8,0.029676509161493336
20,12,0.1487116506159466
20,14,0.10825419974380601
20,18,0.12597205093773223
20,20,1.0
20,24,0.04315842447945206
20,32,0.007142215184689715
20,33,0.04602690075333582
20,34,0.10633317647332607
20,35,0.011831096083771198
20,38,0.012144352147282267
20,39,0.2735428043546596
20,41,0.026808984683491466
20,42,0.018048898123346535
20,49,0.3084619617174025
20,51,0.07597934031075293
20,56,0.00023807532748609805
20,59,0.09758284527114847
20,60,0.13426307582836405
20,61,0.0052958411063017685
20,65,0.021939005661278155
20,69,0.10062523524318134
20,71,0.2471257072617692
20,75,0.04403158890143122
20,76,0.0029224923208809317
20,79,0.15364230036330717
20,81,0.04306265536544163
20,90,0.060867337727271265
20,93,0.08774663038342512
20,95,0.01947266422700189
20,96,0.04086553462872744
20,97,0.003518617733265894
20,98,0.03032750036585663
21,0,0.3239365655370774
21,1,0.08607368157564199
21,2,0.3729462267063801
21,4,0.04949097438860439
21,7,0.3280212311410029
21,10,0.043313195570448215
21,14,0.23149010323988173
21,19,0.18349343424998843
21,21,1.0
21,24,0.03610299249112814
21,28,0.17876932526749068
21,30,0.1833427616813912
21,33,0.028243511684353684
21,38,0.2625138552460943
21,39,0.07232445544641952
21,40,0.03036513293203702
21,52,0.07319454058628305
21,57,0.2541845824502733
21,61,0.09491396985206402
21,62,0.07319896280134364
21,67,0.12230476569043658
21,75,0.12743345634987224
21,78,0.18307835274790774
21,85,0.035269446812061345
21,88,0.081289091004355
21,93,0.0277348947931767
21,97,0.17306114525026717
21,99,0.245689311593975
22,2,0.14610884161463566
22,6,0.6595088925988839
22,9,0.016882871988107673
22,10,0.509092839106396
22,11,0.6420884307415776
22,13,0.6315180443013617
22,16,0.2184474883988683
22,17,0.541335164726583
22,22,1.0
22,24,0.20925158153740453
22,25,0.10993309467643075
22,26,0.5533485858747412
22,31,0.4745233465655502
22,32,0.33351920890723874
22,34,0.4077666329228897
22,35,0.4096395110333173
22,36,0.8079602539000823
22,37,0.6555533325173912
22,40,0.12263784375199649
22,41,0.3426143804641113
22,42,0.289703298887126
22,43,0.5996596383973413
22,44,0.7913550405572882
22,45,0.22846386054846124
22,46,0.6085553287058878
22,47,0.4225896410998353
22,48,0.7499402124595382
22,49,0.03465328670634371
22,51,0.2168029583570833
22,52,0.0070044535647646455
22,54,0.2833718709267661
22,55,0.10847494148586445
22,56,0.5206749203837959
22,58,0.3485787684054449
22,59,0.45641439602058353
22,62,0.19162397386048835
22,63,0.7117108837483946
22,64,0.6864929360465922
22,67,0.004140930491298489
22,68,0.060994742725097084
22,69,0.3662116911082246
22,70,0.6215777425949713
22,72,0.5627114834276165
22,73,0.4822581662842913
22,76,0.23551892994383206
22,77,0.14202263346833832
22,78,0.10415227062607013
22,81,0.19063031623211313
22,83,0.6273489161776049
22,84,0.3969075965448513
22,90,0.1522613431793669
22,94,0.6277868935779977
23,1,0.09301134416760981
23,5,0.32480535433077007
23,9,0.3161846666807966
23,15,0.4115334205118829
23,16,0.29475882394612196
23,23,1.0
23,24,0.02317848615782836
23,25,0.300157156774016
23,27,0.2546499258143924
23,28,0.06953428344469359
23,29,0.3734721279125389
23,30,0.005178217095728743
23,32,0.0829607641144885
23,33,0.04649249048797699
23,38,0.051543288431618706
23,39,0.2324779452980169
23,40,0.08526244262117799
23,41,0.07194978902903337
23,42,0.08602895448428538
23,50,0.2243802662685319
23,51,0.13313594830443198
23,52,0.3049811998893721
23,53,0.12225709997137768
23,55,0.16754688598946832
23,61,0.19556527654039924
23,65,0.2346417696705002
23,66,0.39659307823352163
23,68,0.17985037003526005
23,71,0.09061331817506502
23,74,0.35456447692178317
23,75,0.09260983886635477
23,76,0.1255513873466858
23,77,0.23053896215108471
23,79,0.26986541914314244
23,80,0.23375663154656645
23,82,0.3641243078486254
23,85,0.17417714454018873
23,86,0.30342225328637296
23,87,0.1435157148123385
23,88,0.20370760525493448
23,89,0.26317340255947186
23,91,0.28275163693182637
23,92,0.26288018370425015
23,95,0.2651563099602966
23,96,0.18626197982642378
23,97,0.08713013084881116
23,98,0.310079278931902
23,99,0.13723160538206491
24,0,0.13559889053168384
24,2,0.2842529267582602
24,3,0.00219511276940465
24,6,0.25433980331466377
24,7,0.14427115695334414
24,8,0.10212980205680511
24,10,0.19066171708810975
24,11,0.18980272789646313
24,13,0.16352741424000694
24,16,0.037839097505902974
24,17,0.12183121681879205
24,19,0.06390945651519231
24,20,0.04315842447945206
24,21,0.03610299249112814
24,22,0.20925158153740453
24,23,0.02317848615782836
24,24,1.0
24,26,0.10495754136986646
24,27,0.006740680117932274
24,28,0.34579112959780645
24,30,0.06654397048812344
24,31,0.1843740229767752
24,32,0.022182054367457682
24,34,0.1235202882416716
24,35,0.15854782779705068
24,36,0.21919740855262182
24,37,0.18920788905603503
24,38,0.051967949546061765
24,39,0.19551973564211766
24,40,0.25946078266656325
24,41,0.01397771059545816
24,43,0.19904771666883392
24,44,0.2498471294365694
24,46,0.20934732324573835
24,47,0.19514287165039612
24,48,0.20418991948772536
24,49,0.01707977674500183
24,50,0.038738577112003125
24,54,0.06788541510547752
24,55,0.061517560274080396
24,56,0.18761779113929156
24,57,0.025050011730111788
24,58,0.05303811604812969
24,59,0.12247162704526027
24,61,0.15307098255911156
24,62,0.16843985152779462
24,63,0.21477796287791817
24,64,0.16301463506071656
24,65,0.04761738312685315
24,68,0.26880493758747614
24,69,0.049355698271786985
24,70,0.23578734744927987
24,71,0.08896326934303
24,72,0.1788179104505565
24,73,0.1623826512517592
24,77,0.39489581404791707
24,78,0.16523750629343048
24,79,0.09028768997225578
24,83,0.11028527019098433
24,85,0.09010831016721599
24,94,0.21874416040414824
24,95,0.022525000448408994
24,97,0.02889700613692925
24,98,0.07011742747837357
24,99,0.10652333117195079
25,1,0.18621141573711741
25,5,0.6352355564093665
25,9,0.6635718821750746
25,15,0.6102766922715182
25,16,0.5852659253902792
25,22,0.10993309467643075
25,23,0.300157156774016
25,25,1.0
25,27,0.20743090877321213
25,29,0.5265727872906016
25,32,0.7333767602908526
25,36,0.021236163724111856
25,39,0.1528556719546058
25,41,0.6506089253576414
25,42,0.6483915909498493
25,46,0.013534739125915962
25,47,0.022474886621533297
25,48,0.04872735025346275
25,50,0.46045287896028975
25,51,0.7946493867612245
25,52,0.4251275834578022
25,53,0.07810267198014731
25,55,0.12293520632501442
25,59,0.06895343158982059
25,65,0.004810094942729881
25,66,0.44541287442476973
25,67,0.054560584113840016
25,73,0.1377159672939856
25,74,0.6480726969838164
25,76,0.8002975653537496
25,77,0.062274859424647944
25,80,0.3672369596734303
25,82,0.6410648373550023
25,85,0.08542774664505492
25,86,0.652011160641279
25,87,0.07023064463911766
25,88,0.40105026209470407
25,89,0.6254865744569832
25,91,0.6157949252557583
25,92,0.6736384904382631
25,94,0.09025959616888635
25,95,0.13949265286603152
25,97,0.012911523347918452
25,98,0.011849206465250006
26,6,0.7772021886024075
26,10,0.4868551639999801
26,11,0.5433969004552553
26,13,0.7768594873186738
26,16,0.1633726168623465
26,17,0.7797522981831726
26,22,0.5533485858747412
26,24,0.10495754136986646
26,26,1.0
26,31,0.35792911344019396
26,32,0.1574675145219525
26,34,0.39039659855023756
26,35,0.5505680307362402
26,36,0.5444396913962948
26,37,0.7907768785356701
26,40,0.0897096364010157
26,41,0.25035035587161936
26,42,0.20295282279567695
26,43,0.5686002888306526
26,44,0.7119068121263021
26,45,0.3728839065478944
26,46,0.4174447082060785
26,47,0.3050238879513838
26,48,0.6140054673483908
26,49,0.19747929447953838
26,51,0.11097354945003035
26,53,0.047746636504856776
26,54,0.3087910621640828
26,55,0.011078819003535578
26,56,0.49482268524630724
26,58,0.347690984711549
26,59,0.4232122512454407
26,62,0.024298027616319273
26,63,0.6266691979058403
26,64,0.6758618061251069
26,68,0.10378687898604799
26,69,0.3690114477020805
26,70,0.5704565354217679
26,72,0.549047533680138
26,73,0.4240779359729565
26,75,0.008839630917656938
26,76,0.07409267840856115
26,77,0.0516677099134315
26,81,0.2597903118240592
26,83,0.5670237765519108
26,84,0.40385237670943397
26,85,0.04027615694434661
26,90,0.14093923260529484
26,94,0.7289246026315698
26,97,0.051249295470017
26,99,0.010785345358482634
27,1,0.1844025498581342
27,3,0.01120319170019246
27,5,0.33328359875896263
27,8,0.18004661612519524
27,9,0.36741987056771996
27,12,0.015480196338238716
27,15,0.3158539253097947
27,16,0.2270371470148882
27,23,0.2546499258143924
27,24,0.006740680117932274
27,25,0.20743090877321213
27,27,1.0
27,28,0.17407777553670578
27,29,0.3170203813413246
27,32,0.03339327544503101
27,33,0.15240029891697304
27,38,0.019571054260154486
27,39,0.33310602683163015
27,40,0.22603210780576832
27,42,0.041359296983283445
27,47,0.014380145075181927
27,50,0.39493261122906675
27,51,0.05819179431800858
27,52,0.4183667030880305
27,53,0.35366308397470025
27,54,0.03366777910668206
27,55,0.16796072384914496
27,57,0.036468299237806034
27,60,0.02436414744160309
27,61,0.09920244511708565
27,65,0.21646840146824253
27,66,0.4275921713419222
27,68,0.27434503916749475
27,71,0.31290383073673866
27,73,0.03441373774956624
27,74,0.34117749320454727
27,75,0.15385032737089166
27,76,0.033595778974229495
27,77,0.06064858280585339
27,79,0.3966119966205379
27,80,0.33340850496224284
27,82,0.3297951622264419
27,85,0.40587516949560154
27,86,0.35855246571596755
27,87,0.23938327069958376
27,88,0.22203927795678458
27,89,0.3692876691814091
27,91,0.26740590554685717
27,92,0.2355993888779606
27,95,0.27213107057856756
27,96,0.25941540252872675
27,97,0.11579807180691093
27,98,0.2506182707463622
27,99,0.16431739129039757
28,0,0.4450266121253721
28,2,0.4326547626742975
28,3,0.06702759095129496
28,7,0.32111462498636056
28,8,0.2252418576729026
28,15,0.18046781728770678
28,19,0.04776786893234841
28,21,0.17876932526749068
28,23,0.06953428344469359
28,24,0.34579112959780645
28,27,0.17407777553670578
28,28,1.0
28,30,0.4545397145912744
28,36,0.024528438323413226
28,38,0.07844730617429319
28,39,0.5318205874087936
28,40,0.4357479062885129
28,50,0.020227363020191236
28,52,0.15631269852338237
28,55,0.25009810197497073
28,57,0.00699299489152061
28,61,0.12679578434276417
28,62,0.2177652014228687
28,65,0.3161358189398117
28,66,0.21397682207354374
28,67,0.03418359139165039
28,68,0.22833126249848434
28,71,0.23972299658968832
28,73,0.03497214137892202
28,74,0.11529990010771818
28,77,0.019896561569503923
28,78,0.11999082965531871
28,79,0.24555608826854014
28,80,0.2650649787265643
28,82,0.05354906293330708
28,85,0.12569747736765735
28,88,0.31838317833060215
28,89,0.015251629662865196
28,97,0.057092718293957456
28,98,0.20569675293779233
28,99,0.061945694506528426
29,1,0.26751015303568537
29,5,0.6528120634656293
29,9,0.61622695347961
29,12,0.02793097466562766
29,15,0.5060334938059043
29,16,0.3854254941072155
29,23,0.3734721279125389
29,25,0.5265727872906016
29,27,0.3170203813413246
29,29,1.0
29,32,0.3429340261807383
29,33,0.06089525255906836
29,39,0.08036121142737329
29,41,0.29190417575861616
29,42,0.3071575520067489
29,50,0.5594182898867672
29,51,0.38252330810742174
29,52,0.49142027646870345
29,53,0.24227609444380094
29,60,0.06527789552943586
29,61,0.06446338232277549
29,66,0.446083277543051
29,67,0.019378351721353493
29,68,0.07035584957004182
29,71,0.04807448727019248
29,74,0.6008546575654816
29,75,0.02493837576406044
29,76,0.38700212037267745
29,77,0.12643915049898458
29,79,0.06634465788265087
29,80,0.3575766760626393
29,82,0.5960506614636778
29,85,0.19729450821678174
29,86,0.652557337310712
29,87,0.15836863735702345
29,88,0.32728934185746805
29,89,0.6603184005902378
29,91,0.6542679206484078
29,92,0.6639635933802422
29,95,0.28691864830962266
29,96,0.5167450545670811
29,97,0.01990955602413025
29,98,0.03557078697329841
29,99,0.024851572813449074
30,0,0.5556642660761888
30,2,0.3641744910889151
30,7,0.4140682691137225
30,14,0.2915399841402624
30,15,0.06903335217953588
30,19,0.2312037567686308
30,21,0.1833427616813912
30,23,0.005178217095728743
30,24,0.06654397048812344
30,28,0.4545397145912744
30,30,1.0
30,38,0.06594712340262354
30,39,0.14313080012073198
30,52,0.14864261434794468
30,57,0.12703677848787653
30,62,0.3287992340244088
30,66,0.06708554879021456
30,67,0.022577363792215643
30,78,0.18908356297547946
30,86,0.03787376896307859
30,88,0.31612101193815545
31,2,0.11496150344633049
31,6,0.5845523532116628
31,10,0.5268761610758036
31,11,0.5154534725575444
31,13,0.52674087975525
31,17,0.2996467468237545
31,22,0.4745233465655502
31,24,0.1843740229767752
31,26,0.35792911344019396
31,31,1.0
31,32,0.020584549544592656
31,34,0.5289940605394153
31,35,0.46480038487309105
31,36,0.5150789791747613
31,37,0.5541016622464798
31,40,0.03823361801007552
31,41,0.12161644542315009
31,42,0.0012122049411260605
31,43,0.49916034004570986
31,44,0.5755269357003123
31,45,0.06119472256372871
31,46,0.4168243055069276
31,47,0.39554717706801545
31,48,0.5504547322030973
31,49,0.08554839827850125
31,54,0.2621755801075536
31,56,0.5228948311737027
31,58,0.2362447985834436
31,59,0.44694261584732
31,62,0.25474368677224724
31,63,0.54182125919015
31,64,0.5852986628151607
31,68,0.10334761682409566
31,69,0.43811544094678734
31,70,0.5587322296929501
31,72,0.45032020871559886
31,73,0.32168315669734815
31,77,0.20673150268549823
31,78,0.20235461353550854
31,81,0.28458161067641696
31,83,0.39733903425120487
31,84,0.266354249678034
31,90,0.33532475704341713
31,94,0.43386123752642514
32,1,0.08520153635763894
32,5,0.5178894572170298
32,6,0.15867267237137894
32,9,0.5000271717274738
32,10,0.05022308784122176
32,11,0.14679513440732928
32,13,0.18557156601304747
32,15,0.477732601052141
32,16,0.5286102700551542
32,17,0.1282298693273215
32,20,0.007142215184689715
32,22,0.33351920890723874
32,23,0.0829607641144885
32,24,0.022182054367457682
32,25,0.7333767602908526
32,26,0.1574675145219525
32,27,0.03339327544503101
32,29,0.3429340261807383
32,31,0.020584549544592656
32,32,1.0
32,34,0.0011712596179164203
32,36,0.24806733355849642
32,37,0.17265854706774797
32,39,0.09061974016282626
32,41,0.7188772469167972
32,42,0.7247724197147529
32,43,0.16391546251746347
32,44,0.18305591476303462
32,45,0.04183019495524154
32,46,0.15972342381996574
32,47,0.12435699048676441
32,48,0.28654425129208816
32,50,0.32011970900984665
32,51,0.8718715238973996
32,52,0.27667749324754065
32,55,0.156976120368849
32,56,0.043209988824939316
32,58,0.007464095712242713
32,59,0.17884338874599703
32,63,0.0783595406693518
32,64,0.12602553983665188
32,66,0.268279344508044
32,67,0.04907201816945839
32,69,0.09226986011707294
32,70,0.08934076291812398
32,72,0.06620535389562854
32,73,0.2855609769289096
32,74,0.5085567136066947
32,76,0.8971777248358306
32,80,0.23384431423314656
32,82,0.48079439037420824
32,83,0.19207669579354203
32,84,0.12423067278489197
32,86,0.5086439913054757
32,88,0.31032782029585104
32,89,0.5021970608761622
32,91,0.4925758750782463
32,92,0.5388052188791382
32,94,0.2865177554630982
33,1,0.1535862193751636
33,3,0.01535888153655729
33,4,0.07039812894229647
33,8,0.18193134226221275
33,12,0.23830848131650573
33,14,0.015355862827867162
33,16,0.04432189935967901
33,17,0.008336755887035863
33,20,0.04602690075333582
33,21,0.028243511684353684
33,23,0.04649249048797699
33,27,0.15240029891697304
33,29,0.06089525255906836
33,33,1.0
33,38,0.13962998411252125
33,40,0.0481007129314841
33,45,0.01595543851581549
33,49,0.04044431253936209
33,50,0.05837826798479262
33,52,0.027621115825829046
33,53,0.37075767513403746
33,54,0.043144514400835
33,55,0.02705586820835948
33,57,0.020383533837824097
33,58,0.08875581499926133
33,60,0.10884316867416954
33,61,0.10444702633629477
33,65,0.032681413715514473
33,67,0.04276938677837161
33,68,0.12427813513772812
33,71,0.14278814760504066
33,75,0.10096969659472732
33,79,0.21863850355319459
33,80,0.04545315725577148
33,81,0.018876452626934825
33,84,0.06682964640943279
33,85,0.27778491453608134
33,87,0.1333146173435411
33,93,0.04689330463140817
33,95,0.17310406129605205
33,96,0.22467424707077555
33,97,0.38203020501268214
33,98,0.1197937470469449
33,99,0.3853668453618361
34,2,0.029773990893200653
34,6,0.5638232201413531
34,10,0.4082126597246203
34,11,0.4534140275043319
34,13,0.5122468745537939
34,17,0.3695318531229903
34,20,0.10633317647332607
34,22,0.4077666329228897
34,24,0.1235202882416716
34,26,0.39039659855023756
34,31,0.5289940605394153
34,32,0.0011712596179164203
34,34,1.0
34,35,0.5705406255129597
34,36,0.4403184470854684
34,37,0.5798402726578056
34,40,0.03324951849679303
34,41,0.15306949915123202
34,42,0.027678567666485243
34,43,0.4515857182036893
34,44,0.5229746833591267
34,45,0.18693744312851068
34,46,0.368389715975318
34,47,0.34620391016003316
34,48,0.44318685101718414
34,49,0.24014455392555623
34,54,0.2930930294096016
34,56,0.5929477130829862
34,58,0.25430616234049497
34,59,0.5976970463974138
34,60,0.014549883600425972
34,62,0.12404262911783082
34,63,0.4991077231862915
34,64,0.5647390846591703
34,68,0.12141339881847579
34,69,0.5568276579271747
34,70,0.508309930011048
34,72,0.43054420031042206
34,73,0.2711053205109155
34,75,0.06660607888944314
34,77,0.18586217423658158
34,78,0.12397319583920563
34,81,0.35876353845630493
34,83,0.33982638055804704
34,84,0.333360590309945
34,90,0.4589596698811512
34,94,0.34849538018290505
35,2,0.06512346693305404
35,6,0.657836828523086
35,10,0.4466633003233136
35,11,0.44663327361947935
35,13,0.5754044389975893
35,17,0.4476391815629138
35,20,0.011831096083771198
35,22,0.4096395110333173
35,24,0.15854782779705068
35,26,0.5505680307362402
35,31,0.46480038487309105
35,34,0.5705406255129597
35,35,1.0
35,36,0.416360884959728
35,37,0.585436866244834
35,40,0.09087384410925292
35,41,0.10927233613122511
35,42,0.017468787833111787
35,43,0.5068309456607188
35,44,0.5233650718335253
35,45,0.13752955895938002
35,46,0.34867570562870775
35,47,0.34520496372979914
35,48,0.45917962097244513
35,49,0.18515797437146186
35,54,0.2565003808390284
35,56,0.493287674756393
35,58,0.27943514648843015
35,59,0.45450355714811375
35,62,0.0906923782738912
35,63,0.5193196277351912
35,64,0.545024181006057
35,67,0.015659908602877137
35,68,0.15837085909312332
35,69,0.46502907724049025
35,70,0.5217134924966995
35,72,0.4147341336167144
35,73,0.35261853264359644
35,75,0.022112658058522472
35,77,0.17867460147382097
35,78,0.12380424484221386
35,79,0.019329154108429614
35,81,0.3271476826560833
35,83,0.35164481142298554
35,84,0.29728653077738176
35,90,0.2884488170508407
35,94,0.46551007251780296
36,2,0.2267818646562365
36,6,0.6842909204848285
36,7,0.0025768777911924223
36,10,0.5415705196304614
36,11,0.6860294312317159
36,13,0.6545504496116309
36,16,0.05247846804240053
36,17,0.5372134961039229
36,22,0.8079602539000823
36,24,0.21919740855262182
36,25,0.021236163724111856
36,26,0.5444396913962948
36,28,0.024528438323413226
36,31,0.5150789791747613
36,32,0.24806733355849642
36,34,0.4403184470854684
36,35,0.416360884959728
36,36,1.0
36,37,0.7445924260960378
36,40,0.09444165914396818
36,41,0.2687320267291805
36,42,0.19297093079460703
36,43,0.6249263589435907
36,44,0.7579276084922771
36,45,0.19488822058029187
36,46,0.6243710868733512
36,47,0.4772647666693469
36,48,0.7845280366155217
36,49,0.03177444480886571
36,51,0.1294828767679419
36,54,0.34725697579218595
36,55,0.019234517416576113
36,56,0.56962958331494
36,58,0.41025644483961987
36,59,0.4509054865534955
36,62,0.23140456570857293
36,63,0.7227905696350423
36,64,0.7034629838874649
36,68,0.05019967516744095
36,69,0.3994992559452616
36,70,0.6829195482287115
36,72,0.6162776871891952
36,73,0.5889126891998882
36,76,0.14333368295673865
36,77,0.14336597241921312
36,78,0.1118924220046491
36,81,0.1867188775515427
36,83,0.7016421308431167
36,84,0.413362399011751
36,90,0.14729288889154835
36,94,0.6954434792667477
37,2,0.08910822081066394
37,6,0.8112565551666511
37,10,0.5708151174458042
37,11,0.7303092690664672
37,13,0.8197163532836879
37,17,0.682388958045677
37,22,0.6555533325173912
37,24,0.18920788905603503
37,26,0.7907768785356701
37,31,0.5541016622464798
37,32,0.17265854706774797
37,34,0.5798402726578056
37,35,0.585436866244834
37,36,0.7445924260960378
37,37,1.0
37,40,0.0967889209610946
37,41,0.2526753462525586
37,42,0.15135080426256353
37,43,0.6618021348439737
37,44,0.8190322476433428
37,45,0.28318569787498116
37,46,0.5821677768419704
37,47,0.45667843864215363
37,48,0.7362334488700102
37,49,0.16199977729428872
37,51,0.055164050546447796
37,54,0.39359044180668057
